
0.000000  -2.000000 
0.100000  -1.990000 
0.200000  -1.960000 
0.300000  -1.910000 
0.400000  -1.840000 
0.500000  -1.750000 
0.600000  -1.640000 
0.700000  -1.510000 
0.800000  -1.360000 
0.900000  -1.190000 
1.000000  -1.000000 
1.100000  -0.790000 
1.200000  -0.560000 
1.300000  -0.310000 
1.400000  -0.040000 
1.500000  0.250000 
1.600000  0.560000 
1.700000  0.890000 
1.800000  1.240000 
1.900000  1.610000 
2.000000  2.000000 
2.100000  2.410000 
2.200000  2.840000 
2.300000  3.290000 
2.400000  3.760000 
2.500000  4.250000 
2.600000  4.760000 
2.700000  5.290000 
2.800000  5.840000 
2.900000  6.410000 
3.000000  7.000000 
3.100000  7.610000 
3.200000  8.240000 
3.300000  8.890000 
3.400000  9.560000 
3.500000  10.250000 
3.600000  10.960000 
3.700000  11.690000 
3.800000  12.440000 
3.900000  13.210000 
4.000000  14.000000 
4.100000  14.810000 
4.200000  15.640000 
4.300000  16.490000 
4.400000  17.360000 
4.500000  18.250000 
4.600000  19.160000 
4.700000  20.090000 
4.800000  21.040000 
4.900000  22.010000 
5.000000  23.000000 